7
5 4
160	918	572	587
817	155	703	903
471	468	962	311
890	575	532	128
266	259	442	167
7 9
286	523	961	240	866	234	252	688	437
922	182	702	925	651	613	820	477	580
10	516	533	639	239	51	538	300	268
620	473	663	705	10	210	85	597	613
459	608	828	465	669	327	932	174	950
984	413	465	788	958	760	817	402	531
571	511	757	62	581	444	650	271	65
2 2
814	950
678	74
3 3
178	839	937
593	918	43
27	989	126
9 2
487	157
73	522
774	717
297	781
17	968
505	305
298	86
862	363
879	131
2 9
511	497	871	383	240	15	83	997	264
891	9	936	75	346	637	431	846	247
10 10
166	362	637	809	518	897	445	495	388	79
492	996	354	277	904	90	458	470	692	783
489	279	744	690	415	314	965	275	547	863
662	730	625	235	149	567	231	555	171	277
2	239	859	270	781	998	340	29	208	587
311	349	792	732	490	927	102	494	838	1000
579	392	62	995	657	483	0	586	950	836
477	870	334	574	996	139	344	378	366	359
119	672	895	75	721	669	450	199	176	90
484	26	810	338	248	105	312	499	811	925
