9

2 22 222 3 33333 333333333 4 44444 444444 5 55555 555 6 66666 666 77777 77 7777777 77777777 8 88888888888 888 99999 99 9999999 999999999999

2222 66666 3333333333 0 777777777777 666 0 6666666666 99999999999 0 333333 33 555555555555 555 666666 99999 0 2222 6666666666 33333333 777 444 222 2222222 66666666666 7777 0 2222 777777777777 55555555555 0 66666 666666 8 0 9 44444444 2 8888888888 0 999999999999999 666666 88888888888 777777777777777 0 222222222 666666 88888888888 66 8 7777777 999 0 222 2 66 0 3333 666 0 333 666666666 77777777777 0 999999999999999 666 88 0 2 7777 55555555555 0 9 44 2222222 8888 0 99999999999 666666666 88 0 222222 2 66666 0 3333333333 666666666666 0 333333 666 77777777777 0 999 666666 88888 777 0 222 666 88888888 66 8 777 999999999999999

999999999 33333333333 0 222 2 66666666 0 66 666666666666 8888888 0 44444 33 555555555555 7 0 33 888 33 777 999 666666 66 33 0 22222222 88 8888888 0 33 888888888888 33333333333 777777777777777 999 666666 66 33 0 222 2222222222 66 0 44444444444 33333333333 555 7 0 7777 666666666666 6 33 666 66666 33333

22 33333 0 8888888 44 33 0 222222 44444444444 2 66666 4 33333 0 9999999 666666666 88 0 999999999 2 66666 8888 0 8888888 666666666666 0 77777777 33 33 0 444 66666 0 8 44 33 0 999999999 666666 7777777 555 3333

9 33333 0 8 44 33333333 0 7 33333333333 666 77777 555 33333333 0 666666666666 333 0 8888888 44444444444 33 0 88 66 444 8 33 3 0 7777777777777777 8888 2 8 33333333 77777777 0 444444 66 0 666666666 777 3333333333 33 777 0 8 666666666666 0 333333333333 666666666666 777 6 0 2 0 6666666666 666666 777 33 0 7 33 777 333 33 222 8888888888 0 88888 66666666 444 666666666 66 0 33333 7777 8 2222222222 22 555555 444 7777777777777777 44444444444 0 5555 88888888888 77777777 8888888888 444444444444 222222222222 33 0 444444444444 66666666666 7777 88888888 7777777 33333 0 3 666666666666 6 33333333 77777777 8 444444 222222 0 8 7777777 2222222 66666 777777 88 444 555555555555 444444444444 8 99999999999 0 7 77777777777 666 888888888888 444 3333333 33333 0 333 666666 7777777 0 8888 44 33 0 222222222 666 6 6 666 66 0 3 33333333 333 33 66 7777777777777777 33333333333 0 77777 777 666 6 666 8888888 33333333333 0 8 44 33 0 4 33 66666 33333 777 2222 555555555 0 9 33 555555 333333333 2 777 33 0 2222 66666666666 3333 0 7777 33333333 222 88 777 33 0 8 44444444444 33333 0 22 555555 33333333333 7777 7777 444 66 4 7777777777777777 0 666 333333333333 0 555555 444 22 33 777 8888 999 0 8888888 666666 0 666666666 88 777777777777777 77777777 33333333 555555555 888 33333 7777777777777777 0 2222 66666666 3333333 0 666666 88888888 777 0 7 666 7777777777777777 8888888888 33333333 777777777777777 444 8 999 0 3 666666 0 666666666666 77777777777 3333 2 444 66 0 2222222222 66666666 3333 0 33333333 777777777777 8 2 22 555555555 444444444 7777 44 0 8888 44444 444444 777777777777 0 222 666 66 7777 8 444444444444 8888888888 88 8 444444444444 666 66666666666 0 333333333333 666666666666 77777777777 0 8 44 33333333333 0 88888 66666666 444 8 33333 3 0 7777 8 2 8888 33333 7777777777777777 0 666 333333333 0 2 6 33333 777 444 222222 2

44 666 66666666 666666666 777 0 8888888888 44 33 0 8888888888 33333333333 9999999999 2 7777777777777777 0 333 555 2 4444444 0 444444444444 0 7 555555555555 33 3333 4444444444 33 0 2222222222 555555555555 555 33333333 4444 444444444444 2222 66 222 33 0 8888888888 666666 0 8888888 44 33 33 0 8 33 99 2222222222 7777 0 666666 66666666 33333 0 7777 8 2 8888 33 0 88888 66666 3 33 77777777777 0 4444444444 666666666666 3 0 666 66 33 0 2 66666 3333333 0 444 66666666 3333333 444 888888 444444444444 7777 444444 22222 555 33333333

44 88 555 555555555 2 22222 2 555 666666 666666 0 222 2 66666 33 222 55555555 0 222222222 2222222 66666666666 33333333 222222 55 0 44444 88888888 555 555555 2222222222 22222222 2 555555 666666 666 0 222222222 2222222 66666666 33 222222222222 55555555 0 222 2 66 33 222 55

2 6 2 777777777777777 444 555 555 666 0 22 999 0 6666666666 666666666 777 66 444 66666666 0 88 7777777777777 0 333 777777777777777 666666666 6666 0 77777777 2 66666666666 0 2 66 8888888 666 66666666 33 0 33333333333 888 33 7777777 999 8888 44444444444 444444444444 66 4444444444 0 8 44444444 2222222222 8888888 0 444 0 4444444 666666666666 8 0 444 7777 0 5555555555 88 77777777 8888888888 0 9999999999999 44 2 8 0 444444444 888888888 33333333333 0 4444444444 666666 8 0 666 66 0 9999999999999 44444444 33 66666666666 0 8 44444444 2 8888 0 777777777777 88 66 0 444444444 7777 0 44 444 4444 44444444444 0 444444 66666666 0 8888888888 44 2222 8 0 8888 33 9999999999 2222222222 777777777777 0 7777 55555 999 0 444 555555555555 555 0 22222 33333 0 22222222222 88 222222 55555555555 444444444 66 0 2222 8 0 8888888 44 33333 0 222 666 88 66 8 999999999999999 0 333333333333 2 444444444 777 0 2 6 2 777777777777777 444444444 555555 555 666666666666 0 22 999 0 6666666 666666666666 7777777 66666666 444 66 0 2222222222 6 2 77777777777 444444444444 555 555555555 666666666 0 444444444 555555555 555 0 22222222 33 0 8888888 44444444444 33333333333 777 33

8888888 44 33333333 0 77 88 444 222222222 55555555 0 22 777 666666666 9 66 0 333333333333 666666666 999999 0 5555555555 88 6 7 7777 0 666666666666 888888888888 33333 777 0 8 44 33333333333 0 555555 2222 999999999999 9999999 0 3 666666666 4
